%TITLE%
 FWD   141014/0000 

   LEVEL       HGHT       TEMP       DWPT       WDIR       WSPD
-------------------------------------------------------------------
%RAW%
 1000.00,     97.00,  -9999.00,  -9999.00,  -9999.00,  -9999.00
  989.00,    171.00,     18.60,      9.60,    300.00,     18.01
  977.00,    279.36,     17.40,      8.40,  -9999.00,  -9999.00
  940.92,    610.00,     14.37,      6.75,    320.00,     27.99
  925.00,    760.00,     13.00,      6.00,    315.00,     31.99
  908.07,    914.00,     11.53,      5.60,    320.00,     36.00
  875.46,   1219.00,      8.61,      4.81,    325.00,     40.00
  871.00,   1261.58,      8.20,      4.70,  -9999.00,  -9999.00
  852.00,   1443.64,      7.40,      3.40,  -9999.00,  -9999.00
  850.00,   1463.00,      7.20,      3.30,    325.00,     47.01
  843.69,   1524.00,      6.68,      3.27,    330.00,     47.01
  814.00,   1817.42,      4.20,      3.10,  -9999.00,  -9999.00
  812.84,   1829.00,      4.17,      3.04,    335.00,     42.00
  788.00,   2081.54,      3.60,      1.80,  -9999.00,  -9999.00
  782.88,   2134.00,      3.20,      1.47,    325.00,     36.00
  753.84,   2438.00,      0.86,     -0.44,    325.00,     38.00
  725.79,   2743.00,     -1.49,     -2.36,    330.00,     38.00
  721.00,   2796.25,     -1.90,     -2.70,  -9999.00,  -9999.00
  718.00,   2829.45,     -1.70,     -3.10,  -9999.00,  -9999.00
  715.00,   2862.92,      0.40,     -4.60,  -9999.00,  -9999.00
  713.00,   2885.41,      0.80,     -6.20,  -9999.00,  -9999.00
  700.00,   3033.00,     -0.10,     -7.10,    330.00,     33.99
  698.68,   3048.00,     -0.21,     -7.12,    330.00,     33.00
  666.00,   3430.05,     -2.90,     -7.60,  -9999.00,  -9999.00
  651.00,   3610.79,     -2.70,    -12.70,  -9999.00,  -9999.00
  647.13,   3658.00,     -2.85,    -13.36,    315.00,     33.00
  636.00,   3795.52,     -3.30,    -15.30,  -9999.00,  -9999.00
  617.00,   4034.88,     -4.90,    -14.90,  -9999.00,  -9999.00
  608.00,   4150.48,     -4.90,    -19.90,  -9999.00,  -9999.00
  599.02,   4267.00,     -5.75,    -20.04,    310.00,     33.99
  583.00,   4479.25,     -7.30,    -20.30,  -9999.00,  -9999.00
  576.09,   4572.00,     -7.99,    -22.46,    310.00,     31.99
  569.00,   4668.20,     -8.70,    -24.70,  -9999.00,  -9999.00
  554.00,   4875.23,     -8.90,    -25.90,  -9999.00,  -9999.00
  553.87,   4877.00,     -8.91,    -25.91,    300.00,     25.99
  532.33,   5182.00,    -11.42,    -27.16,    285.00,     25.99
  520.00,   5362.10,    -12.90,    -27.90,  -9999.00,  -9999.00
  507.00,   5554.70,    -14.30,    -33.30,  -9999.00,  -9999.00
  500.00,   5660.00,    -15.10,    -33.10,    280.00,     29.99
  471.69,   6096.00,    -18.84,    -37.62,    280.00,     25.99
  464.00,   6218.88,    -19.90,    -38.90,  -9999.00,  -9999.00
  453.00,   6396.21,    -21.10,    -42.10,  -9999.00,  -9999.00
  452.71,   6401.00,    -21.13,    -42.00,    275.00,     23.00
  444.00,   6543.94,    -21.90,    -38.90,  -9999.00,  -9999.00
  416.34,   7010.00,    -26.34,    -40.87,    260.00,     29.00
  400.00,   7300.00,    -29.10,    -42.10,    265.00,     33.99
  397.00,   7353.86,    -29.50,    -43.50,  -9999.00,  -9999.00
  382.35,   7620.00,    -31.58,    -42.98,    275.00,     27.99
  364.00,   7968.18,    -34.30,    -42.30,  -9999.00,  -9999.00
  350.61,   8230.00,    -35.73,    -45.51,    290.00,     27.00
  349.00,   8262.11,    -35.90,    -45.90,  -9999.00,  -9999.00
  335.00,   8545.79,    -38.10,    -47.10,  -9999.00,  -9999.00
  333.00,   8587.07,    -38.30,    -47.30,    295.00,     37.01
  329.00,   8670.55,    -37.10,    -49.10,  -9999.00,  -9999.00
  315.00,   8971.20,    -37.90,    -57.90,  -9999.00,  -9999.00
  307.25,   9144.00,    -36.20,    -62.38,    305.00,     50.00
  305.00,   9194.90,    -35.70,    -63.70,  -9999.00,  -9999.00
  300.00,   9310.00,    -35.90,    -67.90,    305.00,     50.99
  294.05,   9449.00,    -35.98,    -69.16,    310.00,     52.99
  271.00,  10015.92,    -36.30,    -74.30,  -9999.00,  -9999.00
  269.35,  10058.00,    -36.68,    -74.58,    300.00,     46.00
  254.00,  10461.59,    -40.30,    -77.30,  -9999.00,  -9999.00
  250.00,  10570.00,    -39.70,    -76.70,    310.00,     47.01
  248.00,  10624.67,    -39.70,    -76.70,  -9999.00,  -9999.00
  234.00,  11018.31,    -41.90,    -77.90,  -9999.00,  -9999.00
  226.00,  11252.75,    -42.10,    -78.10,  -9999.00,  -9999.00
  225.15,  11278.00,    -42.21,    -78.17,    310.00,     48.00
  200.00,  12070.00,    -45.50,    -80.50,    285.00,     40.00
  198.00,  12137.03,    -45.70,    -80.70,  -9999.00,  -9999.00
  196.38,  12192.00,    -45.38,    -80.38,    285.00,     37.01
  196.00,  12204.77,    -45.30,    -80.30,  -9999.00,  -9999.00
  189.00,  12446.69,    -47.10,    -82.10,  -9999.00,  -9999.00
  160.00,  13542.04,    -50.50,    -84.50,  -9999.00,  -9999.00
  150.00,  13960.00,    -53.90,    -86.90,    285.00,     73.00
  143.00,  14264.19,    -56.53,    -88.75,    285.00,     79.00
  141.62,  14326.00,    -57.06,    -89.13,    285.00,     79.00
  141.00,  14353.85,    -57.30,    -89.30,  -9999.00,  -9999.00
  138.00,  14489.73,    -57.10,    -89.10,  -9999.00,  -9999.00
  125.00,  15109.36,    -61.10,    -92.10,  -9999.00,  -9999.00
  122.40,  15240.00,    -61.10,    -92.10,    280.00,     41.01
  122.00,  15260.08,    -61.10,    -92.10,  -9999.00,  -9999.00
  116.43,  15545.00,    -63.59,    -93.88,    250.00,     41.01
  107.00,  16060.59,    -68.10,    -97.10,    240.00,     50.99
  105.35,  16154.00,    -68.10,    -97.10,    240.00,     50.99
  105.00,  16173.79,    -68.10,    -97.10,  -9999.00,  -9999.00
  102.00,  16349.22,    -64.50,    -94.50,  -9999.00,  -9999.00
  100.00,  16470.00,    -64.90,    -94.90,    280.00,     22.01
   93.60,  16873.05,    -66.90,    -95.90,  -9999.00,  -9999.00
   92.10,  16971.21,    -66.10,    -95.10,  -9999.00,  -9999.00
   87.40,  17288.10,    -68.70,    -97.70,  -9999.00,  -9999.00
   86.16,  17374.00,    -68.83,    -97.74,    240.00,      0.99
   77.83,  17983.00,    -69.78,    -98.01,    270.00,     16.01
   75.20,  18188.81,    -70.10,    -98.10,  -9999.00,  -9999.00
   73.96,  18288.00,    -69.69,    -97.69,    210.00,     17.00
   72.20,  18432.47,    -69.10,    -97.10,  -9999.00,  -9999.00
   71.10,  18525.12,    -66.70,    -95.70,  -9999.00,  -9999.00
   70.31,  18593.00,    -65.98,    -94.98,    230.00,     12.00
   70.00,  18620.00,    -65.70,    -94.70,    230.00,     12.00
   68.10,  18787.58,    -64.50,    -94.50,  -9999.00,  -9999.00
   66.88,  18898.00,    -64.84,    -94.56,    220.00,     20.01
   63.90,  19175.25,    -65.70,    -94.70,  -9999.00,  -9999.00
   63.62,  19202.00,    -65.03,    -94.31,    235.00,     24.01
   62.90,  19271.59,    -63.30,    -93.30,  -9999.00,  -9999.00
   60.00,  19562.63,    -61.70,    -91.70,  -9999.00,  -9999.00
   57.62,  19812.00,    -62.42,    -92.42,    285.00,     15.00
   56.10,  19977.44,    -62.90,    -92.90,  -9999.00,  -9999.00
   53.90,  20224.46,    -61.50,    -92.50,  -9999.00,  -9999.00
   52.21,  20422.00,    -61.42,    -92.42,    245.00,      2.00
   50.00,  20690.00,    -61.30,    -92.30,    175.00,      6.00
   47.50,  21007.98,    -61.50,    -92.50,  -9999.00,  -9999.00
   45.60,  21262.01,    -59.70,    -90.70,  -9999.00,  -9999.00
   45.06,  21336.00,    -59.97,    -90.86,     80.00,      8.00
   41.00,  21922.77,    -62.10,    -92.10,  -9999.00,  -9999.00
   40.85,  21946.00,    -61.84,    -91.96,    130.00,     20.01
   39.70,  22122.90,    -59.90,    -90.90,  -9999.00,  -9999.00
   38.90,  22250.00,    -59.90,    -90.90,    210.00,     10.99
   35.28,  22860.00,    -59.90,    -90.90,    150.00,     12.00
   35.10,  22891.75,    -59.90,    -90.90,  -9999.00,  -9999.00
   32.70,  23336.42,    -57.50,    -89.50,  -9999.00,  -9999.00
   30.00,  23880.00,    -57.90,    -89.90,     25.00,      4.00
   29.07,  24079.00,    -57.99,    -89.77,    350.00,      2.00
   27.69,  24384.00,    -58.12,    -89.57,     25.00,      8.99
   25.90,  24804.67,    -58.30,    -89.30,  -9999.00,  -9999.00
   23.50,  25421.37,    -54.50,    -87.50,  -9999.00,  -9999.00
   21.10,  26112.77,    -53.10,    -86.10,  -9999.00,  -9999.00
   20.00,  26460.00,    -49.90,    -83.90,    240.00,     12.00
   19.30,  26692.64,    -50.50,    -84.50,  -9999.00,  -9999.00
   18.50,  26970.82,    -47.10,    -82.10,  -9999.00,  -9999.00
   17.50,  27338.90,    -46.90,    -81.90,  -9999.00,  -9999.00
   17.25,  27432.00,    -47.39,    -82.17,     20.00,     10.99
   15.30,  28220.13,    -51.50,    -84.50,  -9999.00,  -9999.00
   13.20,  29183.76,    -49.10,    -83.10,  -9999.00,  -9999.00
   12.10,  29759.09,    -45.70,    -80.70,  -9999.00,  -9999.00
   11.40,  30155.56,    -46.30,    -81.30,  -9999.00,  -9999.00
   10.86,  30480.00,    -45.56,    -80.93,    240.00,     10.00
   10.00,  31030.00,    -44.30,    -80.30,    270.00,     18.01
    9.05,  31699.00,    -42.79,    -78.79,    265.00,     15.00
    9.00,  31738.29,    -42.70,    -78.70,  -9999.00,  -9999.00